42 21 57 67 72 27 91 51 93 59 21 23 84 27 83 41 58 22 21 40 43 35 23 94 23 19 94 64 18 13 59 73 54 46 87 98 81 38 78 94 40 13 42 13 38 31 83 82 41 83
12 78 52 34 26 15 87 67 97 20 48 77 17 17 88 94 30 23 62 16 94 32 32 42 71 72 70 31 20 94 95 26 54 73 96 67 80 62 60 31 84 39 77 99 73 35 92 34 45 93
91 54 82 19 36 90 43 84 11 82 31 74 19 59 69 66 15 79 49 39 24 36 75 42 48 50 23 96 46 27 32 67 54 31 46 79 80 60 80 37 94 80 12 35 50 39 98 43 42 80
77 77 33 90 54 80 47 17 51 96 52 11 58 49 81 10 92 72 51 24 45 56 73 76 84 55 12 34 79 71 28 83 47 99 91 11 42 44 67 21 54 82 17 77 50 94 42 17 71 40
67 73 40 13 59 44 66 26 70 15 61 88 16 18 30 97 36 78 52 15 29 36 23 85 90 38 61 78 62 41 97 65 22 70 75 44 45 41 26 86 44 99 41 74 55 43 65 71 62 75
51 69 86 78 76 92 18 85 37 72 81 69 86 29 70 63 26 61 51 76 98 92 59 94 84 24 68 55 47 55 27 16 87 86 27 69 10 11 16 92 44 42 60 35 39 20 22 51 96 27
39 58 42 95 29 83 81 16 73 73 93 38 68 77 60 49 34 91 86 85 76 86 94 82 14 90 28 89 92 83 84 13 98 40 44 69 23 51 50 86 48 45 54 58 76 38 13 14 29 85
58 82 81 57 72 23 64 27 62 29 13 29 69 89 50 80 26 29 56 85 42 26 61 65 33 55 32 61 19 66 66 91 56 34 79 12 10 88 52 38 31 95 25 37 90 80 43 59 71 28
79 13 18 11 76 97 46 85 81 42 73 83 19 21 81 47 20 50 42 71 63 98 86 28 55 86 23 17 94 46 14 84 37 55 91 64 79 84 29 15 67 89 64 57 56 32 84 76 91 87
27 89 88 51 19 88 48 33 30 74 33 22 93 15 51 94 62 60 45 76 10 34 11 29 14 23 37 17 97 33 93 86 87 24 74 34 90 49 69 90 15 41 54 71 91 47 30 27 68 91
47 82 59 13 88 46 67 44 39 31 14 55 89 40 25 13 62 70 11 70 75 98 19 80 15 71 84 52 40 50 54 47 95 94 34 60 35 61 58 16 36 17 16 65 55 68 39 81 89 28
88 65 57 46 97 50 87 83 38 39 82 54 10 38 52 57 53 44 61 68 53 90 50 60 75 43 11 20 73 54 40 71 11 78 79 77 39 81 38 43 22 27 78 17 61 92 15 10 81 72
91 62 39 84 81 51 90 34 45 96 64 71 89 31 11 62 87 92 94 61 23 18 22 78 66 85 43 39 16 78 19 93 11 22 40 78 51 37 26 40 92 81 52 55 24 47 61 89 49 71
91 22 89 93 25 95 48 33 69 23 53 35 53 53 55 47 15 91 61 66 83 41 25 10 30 82 59 53 96 98 13 52 72 57 98 21 50 40 74 97 47 25 65 13 43 53 51 50 51 87
70 42 96 40 61 28 97 89 88 35 92 65 24 64 63 22 53 22 20 22 44 50 22 35 85 11 86 31 73 37 71 25 61 55 37 63 36 52 62 24 31 39 84 20 82 55 75 98 72 75
68 17 21 95 78 43 59 41 98 86 73 36 70 13 71 46 20 92 26 78 39 70 98 54 30 64 39 13 61 93 56 97 45 58 59 72 34 36 17 24 64 96 43 61 11 94 65 76 10 63
93 16 68 95 42 55 60 45 11 37 78 61 80 51 32 49 11 81 42 59 81 30 48 68 42 48 52 54 39 94 42 70 19 62 92 18 44 22 77 79 30 44 73 56 70 54 59 53 25 18
66 20 70 95 67 24 12 21 86 64 14 54 45 22 21 43 90 74 37 11 93 77 83 35 40 35 26 26 76 50 47 92 33 14 71 46 60 60 85 81 21 79 86 14 81 81 99 35 25 47
68 45 54 60 77 63 25 96 14 97 54 33 59 80 40 43 63 73 59 51 36 66 59 47 16 86 88 15 15 94 86 35 49 83 54 28 76 66 64 68 28 39 96 20 56 63 73 50 51 73
14 37 58 78 58 53 98 84 45 19 82 37 79 89 75 97 98 11 12 55 38 72 90 85 21 32 47 43 36 90 19 56 82 47 37 59 90 51 29 74 32 74 90 92 82 60 43 80 74 40
31 22 82 21 60 11 99 86 52 75 59 65 43 42 75 18 81 77 55 23 71 24 49 33 59 86 14 43 78 92 90 18 67 70 85 35 57 86 84 91 95 64 93 34 76 18 92 62 43 15
37 52 53 73 61 92 53 24 75 64 15 10 37 53 36 89 91 91 76 11 74 59 63 76 55 20 71 31 80 52 82 67 75 81 64 53 33 23 88 66 34 32 29 93 59 81 43 49 46 36
14 65 16 73 54 71 30 43 56 82 13 81 75 53 58 89 65 33 77 17 56 64 39 75 52 79 69 81 21 39 98 66 72 61 81 76 67 51 89 99 91 55 15 46 64 92 60 20 84 96
54 29 44 14 39 44 40 61 18 96 16 22 23 12 82 56 61 66 88 36 21 80 12 17 97 20 35 97 89 60 13 16 40 64 42 24 87 28 82 52 78 83 19 88 92 33 49 15 54 78
88 41 39 63 80 86 80 61 81 85 85 50 82 47 89 29 49 73 53 34 49 36 12 61 58 12 78 22 93 72 59 89 74 64 59 85 67 17 65 82 49 65 44 88 80 48 65 78 43 65
25 68 31 26 38 91 51 88 85 58 17 19 76 40 84 88 57 25 47 50 82 12 25 65 36 86 67 75 33 25 65 93 21 12 59 12 82 39 14 73 32 35 37 88 22 54 84 71 40 32
27 35 35 10 98 88 41 45 66 40 30 86 18 72 16 46 66 60 44 47 32 82 48 21 98 69 84 72 59 63 47 83 86 88 81 89 77 46 90 63 32 47 24 76 13 36 38 29 60 73
45 83 15 93 42 93 43 86 79 39 35 85 94 36 38 55 18 53 92 22 42 75 75 28 11 15 39 33 62 12 10 66 56 25 19 51 11 95 64 13 88 32 70 37 95 38 69 11 82 43
44 25 64 64 84 44 82 21 45 33 91 20 36 97 68 85 85 14 44 65 25 67 26 78 27 41 65 56 30 38 56 12 31 93 50 25 55 65 51 92 89 61 54 31 15 97 76 62 48 20
40 59 49 32 12 28 96 93 15 84 32 84 92 14 93 93 97 61 63 71 57 25 24 96 58 86 79 61 25 65 38 46 84 36 30 62 73 95 88 64 88 73 47 32 27 87 30 42 27 35
76 22 68 44 48 19 86 56 36 95 16 79 48 26 15 87 68 72 82 95 66 54 11 36 23 43 91 43 94 40 68 34 80 39 53 14 29 47 36 72 87 16 26 35 43 32 21 63 83 57
39 76 89 76 56 57 67 61 42 65 26 59 14 19 36 13 63 59 59 58 50 58 93 32 31 33 50 55 97 89 49 88 62 35 60 65 25 48 66 52 36 22 51 60 61 88 11 45 86 13
98 31 80 82 56 26 20 24 84 50 54 72 70 86 29 67 39 93 42 85 19 43 77 94 26 76 20 94 92 33 98 66 87 68 23 72 24 57 53 14 70 11 85 25 83 67 11 30 40 21
36 17 61 25 80 25 76 97 48 12 40 39 75 87 15 57 60 62 26 43 34 95 27 58 79 79 96 49 48 44 26 64 80 38 15 88 52 24 60 86 21 70 44 61 55 97 99 76 11 46
18 65 59 70 14 77 27 90 52 48 38 31 55 23 23 27 57 86 30 47 63 45 13 77 50 78 35 77 44 85 48 59 21 78 25 24 35 45 25 31 67 38 88 99 30 71 37 91 45 75
78 69 40 51 75 48 64 50 73 98 51 52 78 34 50 29 50 17 89 74 68 55 34 25 32 87 14 45 42 77 56 87 19 25 78 35 50 39 74 82 34 98 51 35 93 45 45 96 78 21
46 86 30 58 44 83 31 49 45 48 82 50 90 44 19 29 24 89 93 66 96 51 15 96 65 88 33 28 16 37 14 11 80 64 77 72 98 45 26 78 79 43 63 84 88 31 32 27 69 79
71 47 51 98 15 21 59 64 88 15 49 59 17 14 20 95 11 32 27 50 90 92 94 49 40 76 94 82 12 47 75 59 81 57 21 45 35 77 94 46 50 68 65 90 58 97 23 97 80 73
54 41 89 93 40 66 89 17 79 39 86 83 74 33 92 64 29 92 13 74 34 96 26 93 48 25 91 20 81 34 70 96 69 53 30 60 29 36 29 39 83 23 74 35 34 30 23 71 92 89
11 92 91 92 83 40 12 80 94 62 41 21 91 67 11 47 28 77 31 49 64 90 73 24 30 34 84 42 17 66 24 55 96 50 39 49 45 26 63 13 97 64 94 29 86 51 10 11 75 31
13 49 38 12 54 37 33 77 64 13 80 48 91 25 53 38 26 83 64 21 59 81 23 27 41 64 64 77 66 48 33 94 66 79 90 11 76 11 98 40 30 36 15 23 69 72 88 77 90 80
79 91 66 24 33 16 23 90 28 14 17 19 58 65 71 67 42 40 48 38 84 43 19 44 55 33 75 47 72 75 25 39 16 28 95 86 42 75 84 62 13 60 65 37 74 34 45 65 48 14
34 43 69 27 48 56 65 36 13 22 88 13 82 29 82 24 77 96 30 43 15 48 14 23 19 79 54 41 60 92 19 74 34 91 97 14 82 24 91 45 21 78 92 16 91 77 45 87 67 32
16 18 33 26 65 73 34 25 74 24 87 66 82 27 92 45 37 80 75 94 58 70 21 44 16 31 55 16 47 66 91 19 92 18 74 46 39 72 84 32 20 34 35 69 87 90 43 15 25 29
60 52 61 65 97 22 25 55 61 73 89 47 99 81 26 64 88 41 61 76 46 31 98 49 44 33 62 35 64 41 19 28 45 15 78 97 23 33 82 49 14 15 45 92 33 64 26 96 52 39
64 25 27 92 70 30 53 24 71 90 97 50 27 14 59 53 73 29 80 16 30 40 89 37 32 12 54 14 13 81 25 60 41 62 96 16 38 78 33 87 62 49 95 13 43 28 76 19 91 13
60 25 65 53 28 67 70 58 80 90 88 33 84 91 58 26 93 47 16 51 70 94 73 85 42 93 78 86 28 87 38 14 30 46 78 37 23 57 98 40 52 33 20 15 99 52 75 55 70 76
50 20 25 66 40 73 22 63 16 14 47 22 18 84 14 11 18 20 94 17 30 24 94 91 53 45 10 54 53 80 18 91 74 98 87 57 57 94 77 92 40 68 59 55 63 38 89 79 23 14
42 99 32 98 53 73 16 92 29 40 16 73 82 49 73 26 97 67 59 25 39 40 71 56 13 76 32 42 80 52 42 18 23 69 30 55 85 20 11 29 76 40 79 18 54 39 46 75 66 82
86 97 17 20 35 77 40 62 67 12 66 42 31 56 65 47 27 34 92 21 63 43 21 55 92 20 65 93 66 39 12 97 41 65 88 76 68 75 21 72 64 75 84 35 14 18 24 26 41 97