17 95 29 85 48 94 36 93 91 68 78 79 98 49 94 68 85 71 47 68 90 56 97 28 19 39 61 53 91 83 26 93 95 39 66 69 18 36 27 56 68 45 76 21 26 44 12 46 31 86
65 76 54 58 39 63 95 16 42 92 68 89 51 49 41 54 32 85 10 60 94 30 65 69 61 16 53 69 66 40 37 59 69 53 59 58 49 96 18 94 13 21 43 20 59 69 35 16 54 12
21 60 25 90 41 87 57 54 78 95 72 42 73 98 38 90 71 48 85 86 82 80 54 47 39 34 51 66 87 49 26 35 56 70 96 79 87 32 83 90 31 61 40 15 52 65 97 61 98 60
77 72 59 49 66 66 70 17 36 71 69 53 14 23 57 63 50 12 81 50 20 47 79 81 25 73 45 26 49 41 13 44 66 46 69 56 88 61 48 66 17 83 35 12 55 26 84 21 13 30
47 15 31 63 50 92 33 53 69 76 10 56 61 20 93 69 53 46 42 39 39 39 46 16 31 27 55 44 23 44 94 20 71 33 50 17 92 90 78 55 16 54 41 18 60 64 29 61 70 14
70 84 28 87 71 20 87 85 82 94 59 48 54 66 78 16 23 49 15 80 28 57 87 76 86 22 87 87 92 83 29 98 29 37 74 18 84 23 62 70 29 66 91 87 37 70 30 67 47 58
94 75 94 78 28 97 61 89 36 45 31 40 35 93 50 92 45 53 57 95 46 39 64 55 58 36 86 47 53 43 97 20 46 29 99 91 72 84 40 63 19 49 56 82 25 20 43 46 90 31
55 72 76 63 83 74 19 69 80 96 69 84 56 95 55 18 22 64 11 94 30 48 80 56 75 82 78 30 47 54 97 47 28 29 62 75 15 42 80 84 61 74 61 16 74 31 92 63 95 16
39 88 94 95 98 31 64 85 41 43 33 45 61 63 17 95 95 62 21 80 68 93 72 13 47 92 43 27 17 57 67 25 74 85 80 42 65 44 70 29 89 32 95 89 21 28 78 51 71 67
68 92 43 41 29 39 92 29 88 93 68 82 37 12 82 83 35 22 45 81 85 57 40 59 65 75 41 79 25 28 15 39 91 51 39 85 65 71 60 40 51 68 30 42 68 51 39 56 55 40
76 72 83 58 46 43 37 40 86 58 31 19 16 76 19 29 81 50 92 40 49 45 77 86 85 92 19 98 11 28 48 79 68 42 54 81 23 79 24 81 73 74 50 89 37 21 74 38 43 45
57 63 97 65 70 28 78 49 37 20 71 12 17 65 60 46 24 46 68 93 31 92 75 37 97 40 25 14 59 15 14 49 62 40 77 59 13 23 95 91 74 17 31 23 99 65 40 89 80 80
72 13 66 95 97 42 29 48 19 82 83 83 96 95 44 93 47 89 62 50 66 33 64 13 38 70 30 13 40 79 35 61 67 48 94 36 90 87 11 95 61 79 88 46 13 16 38 90 80 92
69 75 49 28 63 67 66 72 45 69 66 16 32 14 43 72 61 11 96 95 42 14 42 57 56 20 29 46 91 27 97 76 78 41 17 76 75 30 98 96 94 25 45 49 12 99 60 74 77 22
50 73 93 30 57 56 17 28 78 50 56 64 45 59 73 67 71 59 48 17 85 46 61 52 73 11 22 51 29 62 56 39 59 27 58 58 25 11 96 13 61 77 87 39 51 36 75 26 52 68
63 19 84 49 98 61 76 11 80 59 29 62 23 35 45 98 13 75 71 55 13 24 30 71 46 55 42 41 27 35 33 76 26 36 33 15 72 92 30 38 20 74 28 45 23 16 32 73 16 39
30 20 11 10 73 44 66 54 50 85 81 85 62 87 61 80 27 32 36 44 75 23 25 39 93 52 62 62 47 30 62 71 41 67 21 89 30 82 32 97 50 22 99 37 16 53 93 29 25 68
33 24 44 80 55 93 32 22 45 89 98 48 83 91 17 18 11 14 55 89 16 34 18 65 13 48 44 55 20 32 79 19 83 67 27 24 80 24 74 15 82 23 60 67 71 27 61 73 49 45
81 60 51 37 25 96 21 91 44 17 53 16 62 50 96 56 54 16 24 94 30 60 88 49 78 70 76 31 93 87 67 61 22 85 29 96 25 33 26 99 41 22 77 37 21 50 54 71 66 67
86 87 16 44 31 46 17 87 85 63 90 35 41 37 96 24 15 43 51 22 44 27 71 42 87 63 50 80 69 68 66 84 90 34 48 48 41 79 42 24 87 52 26 17 86 63 31 27 67 67
58 64 43 15 59 44 18 87 51 29 27 34 32 35 50 19 37 67 67 27 51 47 11 22 26 51 12 17 48 87 31 50 80 26 86 52 79 59 23 96 94 87 19 75 92 32 29 30 74 94
30 89 48 64 55 30 37 30 52 90 97 47 26 64 36 35 85 56 19 41 52 18 30 45 49 81 85 35 55 64 16 84 59 58 72 42 16 92 85 57 56 85 47 27 23 35 38 39 76 13
64 55 62 65 73 61 44 76 66 51 33 20 75 64 35 63 44 74 96 93 21 70 21 53 68 58 21 37 11 49 92 57 51 21 16 75 82 89 12 48 30 40 62 10 67 25 28 50 12 90
72 50 80 43 81 87 65 94 77 34 37 25 62 54 94 21 85 37 81 42 70 91 45 23 35 19 65 76 73 71 36 45 17 84 31 38 62 55 52 37 35 43 48 33 59 27 72 79 95 47
25 74 61 27 16 86 20 49 23 67 35 33 36 82 75 54 68 37 72 33 34 52 54 23 92 74 74 53 51 53 88 23 55 40 15 81 50 22 17 23 60 20 52 42 22 36 27 45 39 65
63 83 82 50 90 43 81 69 12 69 31 50 88 56 85 76 90 95 41 30 13 41 80 70 28 61 18 25 62 76 51 56 62 22 49 61 18 98 26 61 19 95 12 60 17 26 19 41 48 41
62 93 28 42 70 79 96 31 72 59 62 34 41 52 43 32 75 51 26 53 80 70 22 23 12 14 56 32 49 47 84 89 61 22 70 53 27 49 22 43 82 39 43 24 37 45 74 74 75 33
59 39 21 69 23 97 29 72 69 20 83 88 43 21 17 61 34 81 28 91 46 14 58 19 13 90 58 98 98 68 17 71 69 60 75 44 64 76 55 26 45 61 71 38 62 24 52 45 26 86
61 19 34 81 25 42 18 30 61 82 57 57 52 56 30 66 80 62 56 74 24 22 37 43 47 22 35 74 61 33 53 61 68 48 14 59 18 33 30 23 56 56 32 74 26 28 90 46 35 81
10 79 60 28 55 63 92 62 96 18 86 62 18 49 19 87 68 41 64 97 55 38 39 37 67 71 11 27 21 79 10 40 86 22 44 68 70 16 91 52 47 51 93 38 19 48 17 89 77 79
89 16 74 13 79 67 24 49 55 76 20 40 49 90 90 75 42 59 72 72 49 69 59 45 48 79 30 87 16 41 38 13 72 70 50 62 77 55 73 62 45 48 38 48 37 62 94 87 78 18
40 97 96 68 19 59 79 46 81 21 12 83 23 51 20 37 35 31 58 19 72 57 41 14 62 85 94 70 39 59 97 87 59 13 75 61 64 53 92 35 39 18 93 90 31 13 95 48 32 32
89 76 21 18 46 46 72 74 97 21 46 69 92 94 29 70 84 86 33 86 24 90 59 69 51 29 50 87 54 40 33 11 72 27 35 30 97 61 65 50 72 15 59 75 23 83 82 36 62 68
41 28 92 81 55 87 49 51 63 17 57 89 83 71 23 25 61 93 58 12 37 77 99 90 45 26 11 20 56 58 87 74 46 35 28 81 58 93 46 82 39 66 69 93 19 86 34 77 21 97
63 16 46 70 33 32 28 19 72 14 70 86 12 20 39 85 71 11 70 53 32 63 81 86 18 87 17 69 36 23 40 15 57 20 68 95 54 18 54 96 43 96 39 48 54 11 44 70 28 52
17 75 86 36 88 90 52 80 67 42 97 91 63 32 68 12 47 17 74 20 15 10 66 42 64 58 75 81 31 82 30 73 20 49 68 20 17 69 11 58 55 82 52 17 77 27 23 27 91 44
41 54 63 46 80 10 89 61 34 47 34 85 69 99 78 66 77 27 55 94 51 82 11 27 86 85 65 94 76 10 21 32 46 83 97 42 89 82 11 66 94 41 50 26 93 40 57 12 66 56
75 74 39 64 70 24 14 58 29 29 19 72 64 26 87 55 80 33 12 12 22 91 70 35 44 32 30 83 40 56 84 21 77 12 29 90 23 59 77 28 46 78 88 85 36 32 82 85 74 44
24 93 36 14 30 24 83 24 43 57 27 96 20 53 25 84 84 50 58 97 97 68 36 92 47 57 26 54 82 53 94 19 96 94 61 46 50 40 24 15 82 42 88 18 45 76 49 42 78 98
94 48 83 67 68 98 38 61 12 48 40 32 92 18 43 87 11 97 22 34 64 85 21 27 14 67 42 93 81 48 37 22 18 28 22 93 88 87 40 46 89 56 12 63 94 25 76 59 48 46
86 87 83 57 69 81 18 25 86 36 69 16 37 96 42 17 75 13 20 55 85 38 21 50 69 98 85 71 46 36 84 12 53 97 96 63 78 76 68 83 70 70 83 88 60 78 33 61 62 83
38 49 39 44 40 51 48 37 56 21 97 95 11 62 12 84 41 16 55 37 24 41 33 78 55 88 23 78 24 98 60 74 98 99 19 26 73 76 86 74 36 62 87 20 28 65 64 57 37 95
50 83 82 74 79 18 30 92 41 87 27 62 23 10 37 47 59 41 63 16 15 73 55 89 65 21 95 89 66 47 68 58 25 67 74 47 65 97 67 59 18 99 80 95 16 64 26 56 83 70
91 27 24 73 84 40 97 31 12 81 22 69 56 21 28 33 29 52 93 59 41 29 58 17 80 85 15 59 16 48 29 84 36 18 85 46 46 19 15 82 51 73 48 13 50 26 66 41 13 57
14 88 25 37 67 19 60 20 80 24 17 97 69 39 90 16 31 61 89 11 22 72 55 40 84 89 77 52 52 18 78 64 28 53 49 69 77 43 51 73 98 91 66 58 66 53 60 71 80 31
23 15 51 62 61 31 24 68 88 17 48 41 12 85 81 12 29 72 40 34 61 77 88 25 38 26 32 88 13 38 14 16 79 72 24 36 89 53 92 47 93 90 53 18 34 49 48 50 76 73
20 81 68 57 44 19 84 11 80 13 69 59 60 61 44 27 69 31 65 77 35 79 73 48 88 17 21 74 34 25 83 65 38 61 13 42 95 91 88 24 63 98 83 97 11 38 76 11 29 54
44 62 78 18 36 71 13 88 11 52 10 57 16 69 60 14 59 95 30 61 81 31 50 19 32 73 90 85 24 46 96 16 45 27 36 80 75 88 97 29 57 24 97 52 60 44 69 24 66 33
21 65 63 47 19 97 49 37 92 66 24 79 28 15 59 61 39 61 92 50 82 53 20 96 82 81 25 15 30 87 93 76 75 27 95 45 88 53 65 94 49 84 68 74 48 32 61 45 76 98
17 56 94 20 80 20 42 47 29 68 24 93 15 62 11 31 96 33 19 85 43 92 79 11 32 28 28 74 37 53 22 46 46 66 19 76 66 24 66 69 77 75 19 19 52 51 65 53 24 97